28.57223993
28.30616607
28.2447644
28.29934366
28.39485735
28.80420177
29.29541506
29.42504079
29.31588228
29.51373208
30.25737443
28.94747231
28.85195861
28.72915529
29.17943414
29.12485489
29.04298601
28.96111712
27.95822332
28.5381279
28.68822085
28.12878349
27.96504572
29.32952709
30.31877609
30.1345711
29.629713
30.01859019
30.71447569
30.55756033
29.09756526
29.72522669
29.96401093
29.96401093
28.98840675
27.59663575
28.07420423
28.89971546
28.70868807
27.75355111
28.28569885
29.21354618
31.89475207
31.29438027
31.36260434
31.41718359
30.61896199
30.93279271
30.59167236
29.89578686
28.87924824
28.96111712
29.29541506
29.98447815
29.46597523
29.79345076
29.95718853
30.04587982
29.99130056
30.40064497
30.76223254
30.55073792
30.79634457
30.58484996
30.93279271
30.89868067
30.61213958
30.6257844
30.69400847
30.65989643
31.78559356
31.81288319
32.40643259
31.77877116
31.88792967
33.18418697
33.66175545
32.87035626
33.70268989
34.13250152
34.33035132
34.05063264
34.41222021
34.52137872
33.77091396
33.54577453
33.92782932
34.03016542
34.56913556
34.13250152
34.33717373
35.87221527
35.6948327
34.91025591
35.29231069
34.9034335
34.58960278
33.49801769
33.21829901
33.44343843
33.69586749
33.83913803
34.02334302
32.74755293
32.87035626
32.35867574
32.10624669
32.54288073
32.57017035
33.23194382
32.87717866
32.42689981
33.4093264
32.3177413
32.10624669
32.35867574
33.00680439
33.98923098
33.39568158
33.68904508
33.08185087
33.32745752
34.43950983
34.51455631
34.86932147
35.47651568
35.24455384
35.35371235
35.73576714
34.26894966
33.49119528
32.79530978
32.84306663
32.29045167
32.1198915
31.01466159
32.0243778
32.01073299
32.01073299
31.99026577
31.65596783
30.59167236
28.96793953
28.77691214
28.76326733
27.82859759
26.56645232
26.74383489
25.18150372
24.9631867
22.21375674
23.33945387
21.72936585
23.54412608
24.70393524
25.58402573
24.99047633
24.42421656
21.98861731
21.20404052
20.80834093
21.73618826
22.5685219
22.53440986
23.78973272
25.05187799
24.98365392
25.1542141
24.45150619
23.4690796
23.14160407
24.34917009
23.29169702
22.75954929
22.79366132
23.72833106
24.9563643
25.27019501
24.80627135
23.85113439
23.91253605
22.00226213
21.34731107
21.61338494
22.09777582
22.89599743
21.58609531
22.18646711
21.32002144
20.05787617
21.15628368
21.91357084
22.88235261
21.40189032
22.72543725
23.14842648
23.04609038
22.15235508
22.74590447
22.56169949
22.84141817
22.50712023
23.01197834
24.062629
25.61131536
24.51290785
24.41739415
25.81939876
27.89682165
25.29066223
24.07627381
24.66982321
25.33159667
25.18150372
25.74776349
26.43682659
24.60842155
25.14739169
25.5567361
25.61813776
26.09570624
26.32084567
25.38617593
25.11327965
24.41739415
24.27412361
22.92328705
23.08020241
23.98758252
23.89206883
25.58402573
25.80234275
25.07916762
25.28383983
25.22926057
25.01094355
23.48272442
24.10356344
23.01197834
22.61627874
22.46618579
22.82095095
22.82777336
22.670858
23.59188292
23.44178997
23.7692655
24.12403066
24.04898418
23.2712298
23.91935845
23.83066716
24.88814023
24.69029043
25.24290539
25.51580166
26.18439753
26.67561083
26.5528075
26.96215191
26.6483212
27.28280504
28.15607311
28.55177271
27.97186813
27.97186813
29.06345323
30.05270222
29.10438767
29.11803248
29.44550801
28.97476194
30.14821592
29.8275628
30.89185827
30.46886904
30.4279346
30.68036365
30.76223254
30.11410388
29.90943168
29.86849724
29.77298354
29.90260927
29.4318632
29.07027563
29.14532211
29.61606818
29.34999432
29.57513374
29.76616113
29.75933873
30.1277487
29.8275628
29.18625655
28.84513621
29.65018022
30.20961758
30.39382257
29.75933873
30.77587735
30.68036365
31.28755786
31.1238201
30.94643752
30.58484996
30.50980348
29.82074039
30.22326239
30.73494291
31.15793213
30.42111219
30.3324209
30.43475701
30.68091545
30.65356452
29.90825144
30.61253811
29.77833448
28.92361764
29.03985913
29.76465901
28.88259124
28.71164787
29.16293836
28.93729311
28.66378373
28.78686295
28.21933097
27.21418398
28.15779136
28.71164787
29.10139875
28.84156483
29.38174587
29.42961001
28.86207803
28.04154987
27.93898385
27.53555751
27.30307453
27.17315757
26.97486326
26.59878786
27.69966314
27.18683304
27.09794249
26.48254637
27.34410094
27.68598767
27.87744424
28.04838761
28.04154987
28.84156483
28.27403285
27.80222916
26.1338219
25.87398798
26.18168604
27.19367077
27.32358773
27.07742928
26.65348973
26.98853873
26.6671652
26.90648592
27.35777641
27.45350469
28.13727816
27.78855369
26.74921802
26.68767841
25.75090876
25.976554
26.22271245
25.79193517
26.89964818
26.6734279
27.10530299
26.98876526
26.02904285
25.78911225
25.69999517
25.49434037
25.03504464
25.39151296
25.2475546
25.59716777
26.2963941
26.3649457
25.74798129
25.15158236
24.41122507
24.77454856
25.09674108
26.00847737
26.17300121
26.24840797
26.17300121
25.87822933
26.8105311
26.89279302
27.59201935
27.87308092
27.96905316
27.78396383
27.68113643
27.75654319
27.74968803
25.46691972
25.51490585
25.1447272
25.4532094
25.67942969
25.68628485
25.94678093
25.66571937
25.32981652
25.47377488
25.39151296
25.47377488
25.39836812
25.18585816
25.69314001
26.33752506
26.22784249
25.93307061
25.69999517
26.31010442
27.23555103
27.16699943
27.11215815
27.33837843
26.89279302
26.73512434
26.52261438
26.26897345
26.23469765
26.44720762
26.42664214
26.70843468
26.71530767
26.79091055
26.9421163
26.70843468
26.5709749
26.22045247
25.7118513
25.86305705
25.58126451
25.55377255
26.05550074
26.15859557
25.18263115
24.57093515
24.74275987
24.40598341
24.63966504
24.81836275
24.70152194
24.73588688
25.49878864
25.43005875
25.84931107
26.30980133
25.82869211
25.34758289
25.36820185
25.30634495
24.9695685
24.83898171
24.57093515
24.61217308
25.78058118
24.93520356
24.63279205
25.34758289
25.75308923
25.66374037
26.09673867
26.35103926
26.31667432
26.06237373
26.20670649
26.5709749
26.33729328
25.98677085
26.50224501
27.28576574
27.84247784
27.35449563
27.38886058
28.00055658
28.44730086
27.89746175
28.42668189
28.21361924
28.22736522
28.10365142
28.00055658
27.44247462
28.20725361
28.85490428
28.95825279
29.53011455
29.31652762
29.082271
29.86771968
30.08819651
29.92283889
29.9986278
29.79193078
29.66102266
30.22599452
30.41891174
30.75651688
30.52226025
30.77029668
31.20436043
31.12857152
30.75651688
30.59115926
30.85297549
31.20436043
30.49470065
31.0045533
31.06656241
31.01144321
31.05967251
30.72895727
30.74273708
30.83230579
30.71517747
29.1098306
29.63346306
29.1029407
28.68265676
28.79978507
28.44840013
28.22792331
28.75155576
28.57930825
28.88935378
28.95825279
29.39231653
29.79193078
29.79882068
29.64724286
29.49566504
29.36475693
29.62657316
29.84704998
29.63346306
29.31652762
28.93758308
29.41987614
28.69643656
28.42084053
28.33816172
28.81356487
28.99959219
28.99959219
28.28099377
28.09443456
27.99770016
28.61265458
28.70247938
28.78539458
28.77848498
29.1999706
30.30550664
30.92046106
29.73891942
29.98075542
29.1516034
28.90285779
29.02032099
28.91667699
29.44180661
29.60763701
29.52472181
28.53664897
28.64720258
28.63338338
28.54355858
28.66102178
28.70938898
29.02032099
29.296705
29.66982341
29.82183462
30.14658583
29.73891942
30.38151224
31.56305388
31.08629146
31.48013868
32.01908749
32.3023811
31.94999149
31.60451148
31.50086748
32.0812739
31.81870909
31.81870909
31.40413307
31.44559067
31.38340427
30.76844985
31.10011066
31.19684507
30.90664186
30.67862505
30.34696424
30.74081145
30.40224104
30.66480585
30.95500906
30.07058023
29.2414282
29.69746181
29.2345186
29.3519818
29.2552474
29.76655782
29.62836581
30.20347207
29.85702252
29.91245445
30.6469275
30.73700438
30.90330017
31.39525853
31.67934717
31.70013414
31.94957782
31.810998
31.60312827
31.80406901
32.01193874
32.4276782
32.1990215
32.39996224
32.33067233
31.59619928
31.41604551
31.07652495
30.99337705
31.90107488
32.13666058
31.83178497
31.92879085
32.06737067
31.76942405
32.02579672
32.18516352
32.5108261
32.22673746
32.53854206
32.42074921
32.17823453
32.587045
32.49003912
33.23837016
33.03742942
32.98199749
32.54547105
32.38610426
32.4276782
32.31681435
32.51775509
33.16908025
33.03742942
32.86420464
33.22451218
33.64025164
33.92434028
33.68875458
33.57789072
33.77190247
33.86197936
34.17378395
35.32399647
36.13468843
35.80209685
35.75359392
35.91296071
36.09311448
35.85752878
35.59361515
36.04504637
35.81585821
35.46165833
35.96170522
35.510274
34.81576444
34.69075272
35.41304266
35.73946216
35.6700112
35.33664661
35.80891311
36.56592854
36.80206179
36.10755223
35.43387795
35.17690941
35.50332891
36.02421108
35.76029744
35.90614445
35.52416419
35.25330546
35.48943871
35.56583477
35.56583477
35.44776814
34.76020367
35.26719565
35.62834063
35.55888967
35.55888967
35.10051336
38.14941034
37.53824193
37.37850473
37.17709695
37.57296741
37.39934002
36.88540294
37.2604381
37.37155963
37.20487734
36.95485389
36.76039122
37.21182243
37.15626167
38.07995939
38.23969659
38.43415927
38.08690448
38.3785985
38.30914754
38.36470831
39.14950412
40.20515865
39.85095878
39.55926476
39.96208031
39.74678234
39.90651954
39.79678703
39.901204
39.81070929
39.12851844
39.62275875
39.42784708
39.9916987
40.64604504
40.6599673
41.02194612
41.02194612
41.68325358
42.00346562
42.11484372
42.26102747
42.35848331
42.41417236
41.3978472
40.28406621
40.58339485
40.44417223
40.13092133
41.42569173
40.47897789
39.08675165
40.24229943
39.97777644
40.57643372
41.36304155
41.07763517
41.57883662
41.69021471
41.82247621
38.46024984
38.39063853
38.94056789
39.8803206
39.21901314
39.50441952
39.60187536
39.74805911
39.2329354
39.62971988
39.47657499
40.22141603
40.23533829
40.91056802
40.66692843
40.47897789
39.58099196
39.72021459
38.87791771
38.59251133
38.84311206
39.53226404
39.42088595
39.46961386
39.04498486
38.46721097
38.39759966
38.40456079
38.07042649
38.07042649
38.92664563
39.2329354
39.44873047
39.40000255
38.68300604
37.83374803
38.0495431
38.77489297
37.71428766
36.82114634
36.73741434
37.058387
37.45611399
38.13294765
38.16085831
38.35623298
38.38414364
38.57254064
37.95152832
37.49100233
37.19096267
37.70730999
38.00734965
38.05619332
38.60742897
38.38414364
38.39809898
38.58649597
38.64929497
39.36101696
39.65407895
38.97026763
38.02130498
38.39809898
38.35623298
37.89570699
38.37018831
38.75395997
39.20053063
39.2703073
39.84945362
39.74478862
39.73083329
39.69594495
39.92620795
40.08669428
40.88912593
41.17521026
41.36360726
41.09147826
41.1054336
40.7495726
40.81934927
40.69375127
41.07752293
41.35662959
40.90308127
41.00774626
40.54722027
40.22624761
40.44953294
40.34486794
40.21368781
40.1717257
40.73821417
40.59834048
40.88508156
40.64729627
39.96890884
39.79406672
39.50732564
39.58425618
39.73811724
39.62621829
39.83602883
38.57017187
39.26954036
39.66118671
40.36754888
40.19270676
39.75210461
39.53530038
39.36745195
39.18561614
39.7101425
39.22757825
39.34647089
39.34647089
38.63311504
38.87789401
38.50023503
38.63311504
38.6051403
38.0036834
38.31140554
38.89887506
40.26963729
40.92704366
40.9550184
40.79416365
40.55637837
40.3115994
40.38153625
40.45846678
40.12976359
39.96890884
39.97590253
40.61232785
40.60533416
40.34656782
40.50742257
40.31859308
40.17871939
40.34656782
40.27663097
40.98299314
40.50742257
40.50042889
41.18581
40.84311945
40.73821417
40.24865624
39.8500162
40.53539731
39.78707304
39.60663597
40.06228753
39.94311712
39.39633525
39.13696436
39.89404695
39.65570614
38.55513236
39.57859587
38.57616243
37.60176909
37.00591704
36.30491463
36.30491463
36.24883444
36.64139579
36.69747598
37.85412995
37.18817767
37.65083925
37.88918007
37.84711993
38.31679154
38.20463115
38.07845072
38.75141303
39.6105398
38.97040864
38.92191386
40.12458451
39.69783041
40.27976782
40.40585426
40.20217616
40.20217616
40.31856365
39.99849807
39.57174397
39.57174397
40.01789598
40.97809271
40.97809271
41.42424473
41.4533416
41.4533416
40.33796156
40.71622088
40.9586948
40.99749063
41.0265875
40.2603699
40.15368138
39.12559195
39.39716274
38.52425663
37.51556511
37.31188702
38.56305246
39.4747544
40.13428347
40.61923131
40.12458451
39.89180954
40.13428347
40.08578868
40.12458451
39.70752936
39.43595857
38.69702049
38.09420259
38.5997918
39.75681326
39.46512718
38.99842945
38.45394876
37.97752815
36.95662686
37.18997572
36.8788439
37.1024699
38.55117745
37.73445641
38.06503398
37.6761192
36.94690399
37.39415598
36.72327799
37.61778198
38.52200884
38.0261425
38.43450302
38.2497685
37.95808241
38.57062319
38.24004563
38.91092362
39.03732092
39.39706709
40.38879978
40.00960787
40.78743743
40.5735343
40.89438899
41.03050917
41.18607508
41.04023203
41.51665264
41.08884638
40.83605178
41.0499549
40.37907691
40.58325717
39.50401866
39.71792179
39.96099352
39.73736753
40.65131726
40.42769126
40.95272621
41.04023203
41.04023203
41.03050917
39.95127065
39.67903031
39.57207874
40.06794509
40.66248283
40.49679198
40.34084766
40.984118
40.86715976
41.36423229
41.18879493
41.41296489
42.44609605
41.94902351
41.97826307
42.2804052
42.03674219
41.89054439
42.09522132
41.80282571
41.62738834
41.53966966
41.41296489
40.91589236
41.11082276
40.89639932
40.32135462
40.76969455
40.87690628
40.53577806
40.53577806
40.74045499
41.42271141
41.53966966
40.84766671
40.75020151
40.984118
40.97437148
41.54941618
41.29600665
41.52992314
41.24727405
41.42271141
40.99386452
41.52992314
40.69172239
40.14591725
39.8827612
40.06794509
40.05819857
39.51239343
39.28822346
38.93734873
39.10303957
39.49290039
39.50264691
38.83013701
38.51824835
38.7814044
38.59622052
38.88861613
38.48900879
38.80089744
38.59622052
39.17126522
39.03481393
39.10303957
37.85236764
37.69603365
38.36045312
38.6731211
38.45816186
38.87830946
37.86213852
38.02824338
38.49724536
39.04441433
39.56227067
39.21051919
39.41570756
39.03464345
39.14212307
38.66335022
39.40593668
39.32776969
38.40930749
38.70243372
39.52318718
39.4743328
40.03127265
40.0117309
40.06058527
39.68929204
39.78700079
39.20074832
39.07372695
39.54272893
38.51678711
37.99893076
37.6764919
37.76442977
37.93053464
38.12595213
37.52015791
36.65055009
35.39987816
33.88539262
33.57272463
34.80385481
35.80048401
35.67346264
35.47804515
33.95378874
34.71591694
34.93087618
34.25668584
35.38033641
34.72568782
35.0383558
35.13606455
34.73545869
35.32171116
35.68323352
35.56598302
34.92110531
34.87225094
34.24691497
34.14920623
33.75837125
33.75837125
32.70005366
33.06262542
33.6407804
33.06262542
33.97395446
34.63050333
34.19933691
34.82648807
35.28705221
35.50263542
35.26745374
34.91468121
34.34632546
34.86568502
35.06166976
35.50263542
35.59082855
35.1792606
35.3654461
36.36496827
36.09058964
36.30617285
36.76673699
36.94312325
37.00191867
37.81525534
37.50167976
37.57027442
37.53107747
37.37428968
37.15870646
37.21750189
36.9039263
36.73733928
36.03179422
36.58055148
37.60947136
38.55019811
37.72706221
38.49140269
39.22634546
39.85349662
40.5100455
41.12739742
40.98040887
40.23566686
39.6085157
39.3439363
40.27486381
39.88289433
40.34345847
40.15727297
40.42185236
39.38313325
39.44192867
39.99068594
40.59823863
39.96128823
39.29494012
40.01028441
40.39245465
40.93141268
41.29398445
40.94121192
41.50956766
41.32338216
41.08330086
39.98276756
39.8452009
40.02207233
38.32214144
37.91926764
37.28056528
37.52622004
36.21933675
36.95630101
36.4649915
36.55342722
36.61238436
36.58290579
37.31987004
36.95630101
36.85803911
36.40603436
35.48237249
36.99560577
37.03491053
36.42568674
36.54360103
36.7696034
35.41358916
34.19514159
34.75523443
35.22689155
34.71592966
35.59046058
36.43551293
37.21178195
36.54360103
36.78925578
37.369001
36.52394865
36.82856054
36.97595339
36.93664863
36.70082007
37.91926764
38.3614462
38.51866524
38.6562319
38.74466761
37.42795814
37.4672629
37.31987004
38.54814381
38.34179382
37.62448194
38.30248906
38.60710095
39.49145806
38.96084379
39.18684617
38.78397237
38.74466761
38.83310332
39.46197949
39.42267473
39.1573676
39.72237353
39.42674683
38.6876801
39.65339396
38.89461878
38.96359834
38.83549344
39.17053703
40.09683401
40.18552202
40.31362692
40.70779584
40.79648385
40.91473453
41.31875768
41.19065278
41.02313098
40.71765007
40.97385987
40.57969094
40.32348114
41.10196477
40.63881628
39.92931221
40.36289803
40.82604652
40.72750429
41.38773724
41.8410315
42.10709553
41.99869908
42.31403422
43.76260502
43.67391701
43.91041837
44.23560773
43.92027259
44.37356685
44.75788156
44.84656957
45.15205048
45.22103005
45.28015538
45.23088427
45.05350825
45.19146738
45.08307092
45.47723985
45.41811451
44.69875622
44.2651704
44.25531618
44.28487885
44.70861044
44.69875622
45.46738562
45.48709407
45.35898917
45.99951367
43.47683255
41.64394704
42.48155601
43.12208051
43.82665747
44.06377194
43.22399153
43.93533493
43.88593609
44.93319165
44.8541535
45.97056745
45.85201022
46.23732123
46.10888422
46.23732123
46.41515708
46.44479639
46.10888422
46.0199663
45.58525644
46.38551777
46.69179062
46.93878486
47.53157103
47.29445656
46.61275247
46.52383454
46.26696053
46.91902532
46.66215131
46.87950624
46.93878486
47.55133057
47.56121034
47.85760342
47.69952711
47.84772365
46.15828307
47.04746232
47.00794325
47.24505771
46.13852353
46.69179062
46.75106924
47.04746232
46.57323339
46.41515708
46.42503685
46.43491662
46.38551777
46.54359408
46.45467615
44.34040548
45.19994543
44.36016502
44.32064594
44.89367257
44.25148756
44.40956387
45.16042635
45.48645874
46.10888422
46.04960561
46.01008653
46.13852353
46.61275247
45.85201022
46.63745189
46.68697138
46.37995056
46.69687527
46.84543373
46.92466491
47.23168572
45.25090628
45.03302054
44.72599973
44.64676855
44.71609583
45.00330885
45.57773489
45.60744658
45.13205952
45.40936864
43.09185669
42.95320213
42.96310603
42.80464368
43.15128008
43.0720489
42.84425926
43.24041515
43.89407237
45.27071408
45.181579
45.49850371
46.57802851
45.92437129
44.89436598
44.96369326
45.73619725
45.49850371
44.60715297
44.53782569
44.03272693
44.22090097
44.45859451
43.18099177
44.05253472
43.55733986
42.79473978
43.60685935
44.10205421
44.40907502
44.55763348
45.35984915
45.85504401
45.69658166
45.94417909
45.69658166
46.11254534
45.46879202
44.99340496
45.76590894
45.59754269
45.5282154
45.75600504
46.06302585
45.28061797
45.33211824
45.25265791
46.17638425
46.78226926
46.22604695
47.66626543
47.81525355
47.77552339
48.91776563
48.19269012
48.36154332
47.99403929
47.92451151
47.31862649
47.29876141
47.07031296
47.03058279
48.08343216
47.84505118
48.32181315
47.34842411
48.63965447
48.92769817
48.57012669
49.04688867
48.93763071
49.30513474
49.59317843
50.12953566
50.02027771
50.17919837
50.05007533
51.2717779
50.49703969
51.28171045
51.00359929
50.99366675
51.12278979
51.3909684
51.31150807
50.95393658
51.68894464
51.03339691
51.62934939
50.90427388
50.86454371
51.06319454
51.08305962
51.79820259
52.09617883
51.85779784
53.73504813
52.6921313
52.95037737
52.79145671
52.30476219
52.77159163
52.82125434
52.72192893
52.88084959
53.07950041
52.76165909
52.96030992
52.6444551
52.97304732
52.39552161
52.48513767
52.92326062
52.61458309
52.49509501
52.60462575
52.32582023
52.10675876
53.23193815
52.80377254
52.8436019
52.90334594
53.04274869
54.20775744
54.57617901
54.59609369
55.19353407
54.81515516
55.56195564
55.69140106
55.92041987
56.45811622
56.39837218
56.07973731
56.62739099
56.02995061
55.99012125
55.92041987
56.45811622
56.58756163
55.53208362
55.61174234
55.89054785
55.84076115
58.4097548
58.97732317
59.04702454
59.25612868
60.1124599
60.08258788
60.47092413
60.55058284
60.14233191
59.84361172
60.37135073
59.89339842
58.95740849
58.73834701
59.02710987
59.12668326
58.95740849
59.25612868
60.29169201
60.07263054
59.53493419
60.35143605
59.51501951
58.98728051
58.62881628
59.14659794
58.68059444
59.18955878
59.00992431
59.64862466
59.09974155
59.50890896
59.73844189
59.67856374
60.60667518
61.06574105
61.39507092
61.42501
61.08570044
61.25535522
60.8561675
61.24537553
61.37511154
60.41706101
59.59872619
59.78834036
59.95799514
59.66858404
59.81827944
60.07775145
60.24740623
60.0078936
60.74639088
60.0178733
59.55880742
58.45106151
59.20951817
59.49892926
59.25941663
62.01381188
60.73641119
61.12561921
61.61462417
62.8321467
62.64253254
62.5527153
62.77226855
63.33113135
63.36107043
63.77023784
64.58857266
64.2492631
64.15944586
64.57859297
65.00771976
64.88796345
65.97574998
66.00568906
65.30711055
65.54662318
65.82605458
65.9458109
66.03562813
65.95579059
65.78613581
65.64642011
64.59855235
63.97981139
64.25924279
63.85007538
64.06962863
64.87
65.15
65.83
65.7
66.36
66.56
66.6
66.62
67.54
66.99
66.91
66.12
66.44
66.88
67.25
67.02
67.32
67.4
67.71
67.97
67.49
68.03
68.02
68.13
68.37
68.22
68.25
67.47
66.81
67.13
67.46
67.31
68.74
68.79
69.96
69.91
68.69
69.36
69.31
70.59
68.69
69.24
68.69
66.24
65.83
65.89
66.71
67.38
67
67.06
66.68
66.51
67.61
67.66
67.75
67.4
67.52
67.35
67.25
67.3
67.45
66.97
67.6
69.32
68.8
69.9
70.05
71.77
70.79
70.8
71.73
71.23
72.06
72.19
73.07
73.48
73.44
73.58
73.86
74.82
74.53
72.99
73.43
72.83
71.25
68.22
68.45
68.06
65.05
66.98
68.43
68.34
69.7
72.02
71.97
