184.22
185.01
187.42
185.86
185.49
184.68
184.34
184.08
185.53
188.75
191.25
186.87
181.96
177.42
176.85
176.7
175.39
184.45
171.14
169.64
172.11
173.53
173.71
175.93
176.43
183.06
185.3
186.21
189.25
190.42
189.03
186.62
187.76
186.5
180.42
176.68
177.75
177.24
173.29
169.44
172.02
172.79
171.67
169.08
166.89
169.05
166.14
168.07
166.73
165.08
164.7
160.97
161.82
164.525
162.6
165.32
171.1
170.98
169.35
174.62
179.42
180.13
180.13
182.94
185.29
182.76
184.91
184.71
184.04
180.48
182.29
181.82
180.01
178.34
178.82
183.87
185.89
185.42
182.3
196.63
195.07
195.81
201.19
198.45
199.97
197.11
197.6
200.8
203.94
204.38
206.07
202.56
192.51
194.81
197.09
198.805
198.65
196.22
193.27
192.26
195
194.13
196.69
192.395
193.65
188.32
185.69
187.55
188.05
189.68
186.53
186.29
189.96
185.98
183.65
186.37
187.72
194.23
191.63
194.16
192.55
201.25
202.35
204.18
204.49
209.49
213.19
214.19
216.74
218.28
212.55
211.23
213.5
210.38
212.87
211.53
218.06
215.55
213.21
216.52
213.49
214.18
222.518
223.9
222.52
221.32
211.7
209.96
201.48
202.7
193.7
205.09
194.13
198.36
202.3
202.95
197.68
195.93
182.52
178.93
177.54
193.55
193.73
192.03
199.27
206.53
210.92
215.23
212.54
210
216.18
219.9
217.26
211.39
216.56
219.53
222.57
226.78
239.3
241.69
233.25
231.87
223.23
223.61
229.85
224.21
229.71
222.44
216.23
211.98
212.5
219.498
221.51
224.74
231.32
235.48
236.81
236.15
246.71
242.33
243.88
231.53
233.61
234.78
237.61
227.15
198.4
206.78
217.32
213.51
212.105
215.62
218.29
216.48
217
217.99
211.22
210.79
217.39
218.93
217.83
211.99
204.52
197.14
189.25
192.34
188.99
182.399
194.15
188.39
192.29
197.13
196.03
196.24
191.99
195.32
190.48
193.03
189.52
180.51
180.21
181.26
181.26
179.33
182.52
174.35
179.03
177.28
176.27
173.89
173.86
173.1
179.03
177.51
177.61
182.61
178.56
179.34
178.9
175.93
178.42
181.66
189.44
194.45
190.93
186.09
187
187.8
193.316
195.37
192.15
194.44
179.46
181.72
187.68
183.14
184.19
185.48
184.98
185.54
191.59
191.3
184.47
179.93
182.5
182.26
180.58
178.89
179.13
178.53
183.8
179.69
180.04
179.3
180.26
181.09
183.77
187.64
184.32
183.39
184.59
182.26
184.43
185.05
185.52
192.33
191.73
192.4
195.04
202.87
205.44
201.16
204.61
202.51
198.05
199.66
193.99
194.39
191.87
186.98
187.97
190.69
188.46
185.5
188.39
191.07
191.1
189.98
188.24
190.33
194.42
195.99
226.85
231.9
230.04
230.25
229.45
223.99
225.16
223.9
222.98
226.69
227.68
222.93
224.39
224.06
218.36
213.85
218.11
215.33
217.28
215.24
212.89
214.75
209.23
212.91
208.22
214.57
213.21
217.64
218.8
218.48
216.5
216.42
214.73
214.45
218.35
222.66
224.03
223.02
220.575
222.16
220.07
225.61
225.62
221.31
228.35
229.32
229.53
227.06
225.05
225.05
219.5
218.37
215.36
218.39
216.01
216.93
217.47
226.17
228.29
226.01
223.04
217.05
220.01
237.32
236.09
233.3
232.09
230.81
234.97
233.99
236.56
234.38
234.06
232.75
232.44
233.19
237.42
241.55
241.17
240.35
239.45
243.1
241.198
245.74
243.92
246.11
247.12
246.22
248.27
247.88
246.22
251.38
259.14
257.09
255.67
255.63
260.24
261.27
258
258.75
261.68
260.81
257.47
254.805
252.46
249.67
256.59
254.32
252.01
250.6
255.92
260.47
258.51
259.06
250.96
244.99
244.22
242.36
244.18
243.94
247.49
244.85
240
233.78
234.31
228.49
222.92
238.24
232.8931
232.14
232.4224
234.33
237.56
232.0608
227.35
226.31
226.47
226.6
222.95
220.599
225.23
229.71
233.78
238.03
239.88
243.62
243.4017
247.11
251.27
252.05
250.3291
252.4881
253.96
253.37
253.2681
247.77
250.69
251.76
251.25
249.19
253.86
260.4
257.99
261.5
256.92
258.62
248.6314
248.31
245.18
250.87
257.31
258.48
259.15
268.4592
266.38
266.35
265.34
267.94
272.73
271.9
268.93
270.48
272.12
270.19
268.11
273.62
283.99
276.04
260.35
272.764
265.5
265
259.98
266.89
262.22
260.23
261.95
257.21
258.7
269.47
269.24
265.09
269.75
266.41
265.94
265.42
259.87
259.36
263.25
264.27
265.74
273.11
275.59
273.79
273.88
274.19
271.24
274.13
275.1
265.74
261.82
257.89
256.41
257.278
253.39
257.75
256.02
260.31
265.3
266.49
261.61
263.322
259.03
259.08
255.48
258.95
261.14
264.77
269.85
272.87
267.72
272.34
267.4
259.42
260.32
263.55
268.9
268.78
274.7
254.81
249.74
253.81
248.23
252.55
258.05
255.72
257.73
258.68
260.16
263.63
264.51
268.33
266.56
264.12
269.9
267.63
268.86
262.96
261.8
261.74
267.29
265.53
266.83
269.2
266.88
265.7
267.17
267.83
276.87
281.07
274.78
271.67
275.79
273.99
278.06
281.76
278.16
273.44
273.36
270.61
272.088
277.57
277.55
277.69
282.1
283.73
284.03
285.88
290.59
291.53
292.33
299.66
307.55
306.57
306.87
308.69
304.11
305.23
303.48
301.06
298.94
303.4
312.01
306.1
302.41
301.22
305.57
304.21
300.99
300.75
296.91
295.74
297.26
296.69
293.97
291.34
286.47
284.82
285.57
287.09
284.57
289.73
290.01
286.21
280.93
281.58
283.98
280.98
288.8
293.64
294.1
295.86
299.71
300.36
299.64
298.86
297.92
296.06
304.17
312.034
312.06
316.34
311.49
314.13
312.65
318.12
316.01
312.64
320.95
320.51
314.76
319.04
310.03
303.23
298.23
305.174
310.889
310.7
306.4
310.49
310.77
328.931
326.44
332.54
326.756
332.21
363.39
358.16
362.7
361.08
364.03
359.002
358.74
358.892
356.18
343.56
350.31
354.378
349.53
356.22
367.396
369.17
366.18
364.94
362.57
368.92
372.31
376.64
381.37
386.71
393.62
392.3
384.66
385.96
384.49
386.95
384.89
387.78
382.19
381.25
384.24
388.97
387.65
395.96
395.19
402.2
402.92
399.2
404.39
398.08
393.37
398.79
397.97
396.44
393.63
398.03
401.92
401.01
397.66
390.98
397.54
395.87
395.8
399.61
407.05
404.54
399.87
387.6
386.28
394.43
384.2
403.01
358.69
346.15
347.95
346.45
354.59
361.08
360.87
361.79
349.25
357.2
357.35
353.65
347.38
349.8
346.76
351.78
358.32
359.8
360.13
362.1
359.78
363.9
372.37
372.16
372.06
370.53
368.82
370.64
371.51
373.74
375.04
378.77
373.23
368.97
360.62
351.85
354.71
343.41
338.47
338.29
336.365
342.99
341.96
333.62
323
317.76
327.07
331.805
317.11
311.73
315.91
316.08
323.68
324.91
330.87
329.32
324.58
337.15
303.83
296.58
300.38
304.13
307.89
308.01
310.05
297.38
292.71
288.32
292.24
302.86
304.64
297.62
295.19
297.7
296.755
301.19
305.01
304.91
312.24
310.82
310.16
313.78
312.55
308.84
307.19
306.78
323.57
329.67
327.5
332.41
335.2
325.91
326.27
327.62
325.62
334.38
327
324.2
327.24
324.16
327.44
325.69
324.57
324.78
332.39
332.85
337.492
333.55
323.81
329.97
327.92
346.2
355.32
354.44
355.9
352.454
358.66
359.76
360.84
358.14
358.61
324.01
320.41
320
322.51
312.99
307.06
313.65
312.32
313.89
311.45
316.8
318.33
319.32
326.28
333.21
333.63
334.53
335.13
335.78
332.91
331.59
334.02
341.83
343.18
340.02
339.04
342.38
339
345.95
346.38
342.34
329.75
331.33
330.52
331.19
323.89
327.76
324
325
331.32
324.5
323.63
328.21
321.93
323.21
321.82
322.44
317.46
318.41
322.74
322.2
316.98
322.7
315.37
311.39
306.45
308.31
305.97
302.86
303.64
306.21
315.33
312.97
313.18
287.06
289.97
295.59
294.12
299.07
305.46
305.72
302.81
296.52
296.64
299.86
305.11
312.01
311.51
316.48
327.82
323.05
324.93
326.54
330.54
332.63
335.64
335.04
333.57
338.64
326
326.31
316.5
316.93
312.63
306.64
312.5
305.84
307.36
307.32
306.07
295.06
298.88
297.73
299.9
306.54
306.285
303.03
309.09
312.04
310.3
310.35
308.52
302.19
295.29
298.42
300.46
296.93
291.41
294.74
293.27
286.95
290.74
289.44
297.25
310.32
312.39
309.66
306.75
303.91
311.78
354.53
364.47
363.55
364.75
373.89
374.28
370.56
372.995
375.14
377.17
381.83
375.43
373.37
378.995
383.66
380.14
378.59
385.37
384.8
380.16
385.655
384.61
382.72
387.83
380.09
378.56
369.51
366.37
374.24
370.58
373.35
371.92
375.135
373.24
378.49
375.11
374.09
370.96
367.35
370.56
374.59
372.1
370.255
372.25
377.04
374.41
381.2
383.54
382.65
382.36
385.11
383.45
386.04
375.56
389.51
391.18
389.8
389.99
445.1
438.56
429.31
429.37
421.78
422.87
423.04
421.19
419.1
426.88
433.69
432.85
431.02
426.87
432.28
426
425.24
421.71
423.86
431.63
427.63
425.47
431.42
426.57
429.23
430.92
430.99
436.59
430.78
426.95
423.5
425.48
430.77
432.97
429.92
423.67
427.26
427.81
439.39
434.92
436.29
445.99
440.84
440.1
438.1
429.86
434.09
437.39
437.71
436.04
436.72
429.7
434.39
443.51
455.57
465.57
461.19
475.48
483.01
488.1
488
488.27
482.18
529.42
531.41
526.03
529
536.76
536.15
535.03
531.9
537.01
529.46
522.62
524
527.46
525.91
529.66
531.52
535.22
535.02
532.92
515.78
494.47
463.37
466.37
500.77
518.37
518.01
512.89
496.54
510.55
504.72
499
517.54
516.89
522.24
529.44
521.38
522.37
527.39
538.87
540.26
548.39
538.4
536.07
533.75
524.25
504.06
496.07
511.67
520.72
532.54
543.68
537.48
541.94
533.16
539.8
550.19
548.9
544.83
562.44
570.76
573.15
560.88
555.77
563.91
599.03
608.61
611.01
617.1
626.55
625.9
628.35
625.31
640.95
655.65
659.37
655.49
659.68
673.25
665.6
642.35
647.81
643.3
663.54
661.27
668.45
678.99
671.15
675.34
673.26
664.8
679.06
676.01
666.25
672.64
669.83
677.33
664.79
662.32
640.15
657.91
658.64
675.77
670.65
664.14
664.51
663.15
663.7
662.79
675.2
693.97
689.07
675.89
636.99
633.79
632.65
607.94
607.05
617.74
617.89
581.81
593
570.18
574.48
571.77
575.02
596.38
596.53
601.25
583.35
635.35
587
574.81
552.1
531.07
536.26
502.13
488.1
482.07
490.48
503.82
507.08
521.1
534.1
525
534.9
559.5
552.94
554.04
555.15
555.23
552.52
579.04
580.21
577.49
575.14
562.8
560.26
559.47
558.93
569.61
573.37
577.02
574.27
559.44
552.08
553.98
560.48
569.63
582.95
579.87
593.86
598.69
593.64
598.5
593.19
586.14
602.08
591.43
594.6
595.93
603.17
614.82
620.75
625.89
635.35
627.9
632.99
631
620.5
626.2
616.88
606.57
602
659.59
683.85
671.32
670.9
659.09
673.95
679.75
703.07
713.23
717.93
709.92
710.66
695.27
697.45
698.52
702.8
696.75
704.2
708.35
714.91
712.24
722.79
719.44
728.24
725.54
726.73
723.74
726.64
727.65
717.91
715.24
719.3
714.26
717.51
706.39
714.01
715.82
710.6
722.08
698.96
691.36
707.95
715.6
715.62
725.68
728.1
737.61
736.57
745.81
753.78
748.21
742.63
741.2
735.44
736.07
739.95
745.72
744.43
744.86
739.61
735.59
736.67
752.61
758.81
767.74
760.58
754.64
760.77
765.98
766.56
768.31
768.56
771.24
772.56
768.49
764.04
764.63
764.46
757.31
759.48
762.45
757.25
759.22
769
771.29
767.58
769.16
770.62
772.44
788.87
784.48
784.06
760.14
771.49
761.01
761.09
769.69
778.52
775.1
780.22
789.74
804.7
805.75
799.16
816.11
828.72
829.05
837.31
836.74
834.03
844.36
841.66
839.43
841.71
831
834.09
829.28
822.96
812.95
817.65
817.69
810.32
818.99
838.09
835.18
822.59
818.36
776.32
789.82
785.41
765.56
767.03
755.05
784.93
787.75
771.88
742.38
739.01
719.07
743.24
746.49
756.4
760.16
780
785.33
780.12
780.37
766.77
762.52
750.57
743.65
740.34
759.36
764.72
770.42
767.33
768.66
760.12
774.34
768.82
761
757.77
766
771.22
770.6
766.34
760.59
771.4
772.13
765.15
749.87
753.67
757.18
780.45
795.99
796.92
795.9
799.02
813.64
817.14
809.72
807.48
809.04
808.33
817.88
822.44
836.52
839.15
835.77
830.38
823.48
832.35
839.95
810.2
807.64
812.5
819.71
821.36
827.46
836.53
836.39
842.7
844.14
845.07
856.44
855.61
852.19
845.24
848.64
845.04
853.08
848.91
849.88
846.61
846.02
850.5
853
852.46
854.59
852.53
852.97
853.42
852.31
856.97
843.2
848.06
847.38
845.61
846.82
856
874.32
876.34
886.54
891.51
906.83
909.28
898.28
894.88
907.04
902.36
896.23
884.67
901.99
903.78
899.2
902.06
898.53
907.41
907.62
909.29
918.76
924.99
948.43
946.68
941.03
937.53
934.15
949.04
952.82
948.95
947.62
961.35
957.97
966.07
944.52
958.49
959.84
970.7
971.54
980.35
993.38
995.78
996.7
994.62
995.95
1006.73
1011.34
1002.97
1010.07
1009.94
978.31
964.83
980.79
976.47
964.17
987.71
995.17
992.59
1002.23
1001.3
1003.74
993.98
976.78
990.33
975.93
968
953.66
971.4
965.14
978.76
996.47
994.13
1006.51
999.855
1001.81
1010.04
1024.38
1026.87
1028.7
1025.67
1038.95
1039.87
1052.8
1046
1020.04
987.78
996.19
995.89
986.92
987.58
